2098997309
3687227
60201040
2103522194
70461273
2098678651
80851825
60201913
61960064
3843386
3687984
2145056021
49918806
60262208
2102007257
3688255
2098670707
2098671443
2137141952
65564563
99346349
65546603
62010837
3728753
3645749
3668393
89962576
3855493
2098658776
89879655
80840776
65550449
3723965
49918480
60266014
89924470
2105252745
3722593
89973716
3688825
62012405
2098667940
3712440
62008383
49911751
58361479
87727339
89919445
117890639
3737453
2101328948
2098723217
2098723979
80826075
58359703
63693491
3723183
2114060950
89971901
80828824
63695070
3669916
80825627
89970444
80823108
89893065
3724472
58362597
2098719073
60201552
3722312
2098724230
3844756
58362792
2098707044
3793763
2139891966
3724140
70464195
61959835
89906014
89887476
60265135
3722204
80836790
2098759455
2123008766
3721781
87708718
58361963
80843061
2098721401
87723154
87717613
3645149
3645903
65559432
2114561684
2131583669
2134603870
2098769903
80817321
58362013
2118049039
3718157
89947076
70463998
3852758
2140028356
70462237
3738393
80856596
3668019
49911699
3737210
3727742
70465388
63696213
2119063267
3718599
2098841216
101426872
3712793
3716500
87715847
70462224
3670009
3714969
3688105
87716486
2098960104
3728362
58361306
124869890
80817717
2099032655
3849360
80829666
87698199
2098816897
3669830
3731977
3860018
3858622
3738539
63694812
2098921496
58362523
101239719
2104012840
2098955810
80833745
3669991
65564920
2098980471
2098917128
3792915
54537242
3730426
2098972261
65557920
3731778
2145386883
2098902932
3723115
60263150
62009528
2105089379
87705651
65559668
2098852772
2136499546
2098814178
58361045
63695018
113951400
89937209
70449077
63695716
89954562
3705063
2098833369
3849109
61960112
2098882000
63695254
2098813588
58365445
80858389
3712984
2099026839
58359309
3703721
2098938005
87695504
2105663934
2098840985
3731087
2132825237
2130894784
2098793482
2098824537
113957195
2107577416
2129394657
87701076
87714075
62012146
2101589339
2099389949
3739234
3728123
70464480
3738648
101395786
3711734
60266055
2105021604
3733465
2099220136
2099433741
3667748
80809086
58365432
65550946
80836824
3730438
3844481
101523729
2144204004
3737522
63697164
2099074850
63698202
80815256
70465228
3669156
2099063190
3727095
3667448
2099250529
3704683
3736564
62009728
2128481358
3712328
2101840393
49918392
65559588
70465182
3843685
65539234
54534960
54534571
3732640
3842945
2099256223
3738303
70463174
3854293
62011097
3668351
3843484
2100285800
70462020
87706120
89959302
2100676955
87706504
2125227872
3739749
3719817
80834680
3857839
2099479734
3726564
2127207051
2099344742
70461499
87713217
2099794643
60201730
54537178
3846270
70461423
3687413
58362745
89923855
3717046
3847011
58362163
3733454
3845967
3854305
3721534
2143313388
2128115016
70460848
2102748995
3712319
2099063346
3687352
3689003
3845516
2099621903
121075133
3705084
3793717
3855324
2130772445
2099769948
3846245
49917826
2100312174
70448390
3730222
65561829
3849096
58362085
2141886094
2136923091
3712457
63695320
87702205
2106200656
119089918
2145870548
54533925
2099926104
2101141600
3710828
3666924
3718835
49911808
2143438301
2100808264
2141662344
65561773
80823616
3793097
87705889
2099063191
3688217
3687434
2101803128
80848987
87725471
2099349670
89903647
80825888
65561587
62008164
3858278
3736571
2100954758
2099103938
2146370939
58360978
87694062
3714516
2141563663
2099237759
2123021254
2101245123
2107637518
89924411
3670184
3704274
3849379
2106333558
2131863129
3687804
61962890
2128767132
3718950
62010967
3712621
87702790
2099259683
80857035
2101435870
3853797
2101836691
2131131955
80619802
63696537
60202398
2099146263
2138455490
89959917
2099161421
99356659
3793768
3645792
2100108572
3666530
89930609
3729867
60201619
2100877143
2099536339
2135693602
2137055577
2099214207
101491260
2099062836
61959363
2105904839
89892722
89883580
87702925
80854370
2100091171
70461948
3645685
89894486
70461982
2102017802
65560252
2101199328
2101588491
2101146129
2138347107
2122435835
2126469108
